Year	Month	Monthly_MSL
1862	5	7.005
1862	6	7.064
1862	7	7.035
1862	8	6.972
1862	9	6.87
1862	10	7.085
1862	11	6.936
1862	12	7.046
1863	1	7.064
1863	2	6.997
1863	3	6.964
1863	4	7
1863	5	6.941
1863	6	6.987
1863	7	6.907
1863	8	6.975
1863	9	7.034
1863	10	7.012
1863	11	6.985
1863	12	7.04
1864	1	6.973
1864	2	7.006
1864	3	6.992
1864	4	6.891
1864	5	6.908
1864	6	6.96
1864	7	6.931
1864	8	6.905
1864	9	7.01
1864	10	6.924
1864	11	7.015
1864	12	6.994
1865	1	7.092
1865	2	6.96
1865	3	6.882
1865	4	6.9
1865	5	7.02
1865	6	6.862
1865	7	6.952
1865	8	6.932
1865	9	6.906
1865	10	6.994
1865	11	7.043
1865	12	7.067
1866	1	7.11
1866	2	7.07
1866	3	6.989
1866	4	6.973
1866	5	6.956
1866	6	6.966
1866	7	6.967
1866	8	7.018
1866	9	7.074
1866	10	6.86
1866	11	7.018
1866	12	7.061
1867	1	6.976
1867	2	7.094
1867	3	6.961
1867	4	7.052
1867	5	6.938
1867	6	6.926
1867	7	6.976
1867	8	6.969
1867	9	6.979
1867	10	6.96
1867	11	6.972
1867	12	6.96
1868	1	7.009
1868	2	7.097
1868	3	6.998
1868	4	6.945
1868	5	7.011
1868	6	6.957
1868	7	6.906
1868	8	6.975
1868	9	6.925
1868	10	6.966
1868	11	6.928
1868	12	7.183
1869	1	6.997
1869	2	7.134
1869	3	6.842
1869	4	6.939
1869	5	6.944
1869	6	6.896
1869	7	6.946
1869	8	6.89
1869	9	7.071
1869	10	6.948
1869	11	7.009
1869	12	6.936
1870	1	6.93
1870	2	6.936
1870	3	6.931
1870	4	6.967
1870	5	6.969
1870	6	6.905
1870	7	6.931
1870	8	6.887
1870	9	6.928
1870	10	7.021
1870	11	6.948
1870	12	6.988
1871	1	6.869
1871	2	6.972
1871	3	7.007
1871	4	6.958
1871	5	6.932
1871	6	6.905
1871	7	7.016
1871	8	6.963
1871	9	6.928
1871	10	6.994
1871	11	6.918
1871	12	6.951
1872	1	7.077
1872	2	7.021
1872	3	7.037
1872	4	7
1872	5	6.993
1872	6	6.96
1872	7	6.958
1872	8	6.938
1872	9	7.016
1872	10	6.994
1872	11	7.07
1872	12	7.015
1873	1	7.15
1873	2	6.859
1873	3	6.867
1873	4	6.872
1873	5	6.941
1873	6	6.975
1873	7	7.062
1873	8	6.981
1873	9	6.955
1873	10	6.988
1873	11	6.979
1873	12	7.058
1874	1	7.061
1874	2	6.954
1874	3	6.961
1874	4	6.967
1874	5	6.862
1874	6	6.911
1874	7	6.961
1874	8	6.981
1874	9	7.025
1874	10	7.058
1874	11	6.973
1874	12	6.933
1875	1	7.015
1875	2	6.847
1875	3	6.891
1875	4	6.933
1875	5	6.929
1875	6	6.92
1875	7	6.91
1875	8	6.92
1875	9	6.934
1875	10	6.954
1875	11	6.936
1875	12	6.945
1876	1	6.866
1876	2	6.984
1876	3	7.126
1876	4	6.973
1876	5	6.877
1876	6	6.978
1876	7	6.989
1876	8	6.972
1876	9	6.955
1876	10	6.994
1876	11	7
1876	12	7.107
1877	1	7.092
1877	2	7.018
1877	3	6.964
1877	4	6.967
1877	5	7.008
1877	6	7.045
1877	7	7.047
1877	8	7.06
1877	9	6.916
1877	10	6.985
1877	11	7.125
1877	12	6.954
1878	1	6.885
1878	2	6.948
1878	3	6.952
1878	4	6.955
1878	5	7.075
1878	6	7.009
1878	7	6.949
1878	8	6.978
1878	9	7.025
1878	10	7.018
1878	11	6.878
1878	12	6.866
1879	1	6.9
1879	2	6.96
1879	3	6.934
1879	4	7.022
1879	5	6.929
1879	6	7.054
1879	7	7.022
1879	8	7.015
1879	9	6.977
1879	10	6.884
1879	11	6.851
1879	12	6.936
1880	1	6.881
1880	2	7.064
1880	3	6.909
1880	4	6.979
1880	5	6.914
1880	6	6.945
1880	7	6.952
1880	8	6.92
1880	9	6.958
1880	10	6.884
1880	11	7.009
1880	12	6.985
1881	1	6.872
1881	2	6.829
1881	3	6.976
1881	4	6.942
1881	5	6.944
1881	6	7.125
1881	7	7.004
1881	8	7.051
1881	9	6.937
1881	10	6.96
1881	11	7.11
1881	12	6.979
1882	1	6.93
1882	2	6.984
1882	3	7.071
1882	4	6.942
1882	5	6.969
1882	6	6.978
1882	7	7.022
1882	8	6.948
1882	9	6.931
1882	10	6.951
1882	11	6.991
1882	12	6.942
1883	1	6.991
1883	2	7.003
1883	3	6.894
1883	4	6.936
1883	5	6.981
1883	6	6.923
1883	7	6.986
1883	8	6.957
1883	9	6.955
1883	10	6.957
1883	11	7.015
1883	12	6.899
1884	1	7.003
1884	2	6.987
1884	3	6.967
1884	4	6.945
1884	5	6.975
1884	6	6.905
1884	7	6.928
1884	8	6.948
1884	9	6.931
1884	10	6.914
1884	11	6.86
1884	12	6.967
1885	1	6.878
1885	2	7.076
1885	3	6.873
1885	4	6.936
1885	5	7.03
1885	6	6.926
1885	7	6.882
1885	8	6.896
1885	9	6.992
1885	10	6.911
1885	11	6.909
1885	12	6.921
1886	1	6.9
1886	2	6.789
1886	3	6.943
1886	4	6.912
1886	5	6.929
1886	6	6.948
1886	7	6.977
1886	8	6.945
1886	9	6.961
1886	10	6.93
1886	11	6.939
1886	12	6.933
1887	1	6.949
1887	2	6.905
1887	3	6.928
1887	4	6.912
1887	5	6.929
1887	6	6.902
1887	7	6.995
1887	8	6.966
1887	9	6.937
1887	10	6.881
1887	11	6.909
1887	12	6.921
1888	1	6.869
1888	2	6.747
1888	3	6.888
1888	4	6.911
1888	5	6.938
1888	6	6.884
1888	7	6.961
1888	8	6.951
1888	9	6.836
1888	10	6.869
1888	11	6.991
1888	12	6.982
1889	1	6.869
1889	2	6.85
1889	3	6.943
1889	4	7.003
1889	5	6.947
1889	6	6.908
1889	7	6.907
1889	8	6.993
1889	9	6.903
1889	10	6.893
1889	11	6.881
1889	12	6.878
1890	1	7.101
1890	2	6.798
1890	3	7.037
1890	4	6.985
1890	5	6.981
1890	6	6.972
1890	7	6.983
1890	8	6.938
1890	9	6.931
1890	10	6.948
1890	11	6.921
1890	12	6.823
1891	1	6.881
1891	2	6.832
1891	3	6.992
1891	4	6.872
1891	5	6.938
1891	6	6.878
1891	7	6.943
1891	8	6.99
1891	9	7.028
1891	10	7.021
1891	11	6.942
1891	12	7.003
1892	1	6.942
1892	2	6.881
1892	3	6.906
1892	4	6.906
1892	5	6.969
1892	6	6.942
1892	7	6.91
1892	8	6.954
1892	9	6.952
1892	10	6.924
1892	11	6.915
1892	12	6.875
1893	1	6.866
1893	2	7.024
1893	3	6.986
1893	4	6.875
1893	5	6.947
1893	6	6.929
1893	7	6.928
1893	8	6.951
1893	9	6.998
1893	10	6.975
1893	11	6.887
1893	12	6.948
1894	1	6.994
1894	2	6.987
1894	3	6.973
1894	4	6.958
1894	5	6.926
1894	6	6.933
1894	7	6.971
1894	8	6.948
1894	9	6.836
1894	10	6.872
1894	11	7.024
1894	12	6.988
1895	1	6.784
1895	2	6.823
1895	3	6.982
1895	4	6.97
1895	5	6.868
1895	6	6.884
1895	7	6.971
1895	8	6.972
1895	9	6.925
1895	10	6.927
1895	11	6.945
1895	12	6.948
1896	1	6.863
1896	2	6.869
1896	3	6.982
1896	4	6.915
1896	5	6.844
1896	6	6.929
1896	7	6.922
1896	8	6.871
1896	9	6.989
1896	10	6.86
1896	11	6.838
1896	12	6.939
1897	1	6.83
1897	2	6.923
1897	3	6.979
1897	4	6.927
1897	5	6.969
1897	6	6.923
1897	7	6.94
1897	8	6.987
1897	9	6.916
1897	10	6.866
1897	11	6.896
1897	12	6.924
1898	1	6.982
1898	2	6.984
1898	3	6.925
1898	4	6.985
1898	5	6.99
1898	6	6.917
1898	7	6.91
1898	8	6.948
1898	9	6.909
1898	10	6.945
1898	11	6.899
1898	12	7.018
1899	1	6.991
1899	2	7
1899	3	6.961
1899	4	7.019
1899	5	6.938
1899	6	6.911
1899	7	6.946
1899	8	6.92
1899	9	7.007
1899	10	6.936
1899	11	7.024
1899	12	6.872
1900	1	6.927
1900	2	7.015
1900	3	6.858
1900	4	6.955
1900	5	7.005
1900	6	6.954
1900	7	6.967
1900	8	6.932
1900	9	6.913
1900	10	6.963
1900	11	6.915
1900	12	7.085
1901	1	6.976
1901	2	6.801
1901	3	6.922
1901	4	7.009
1901	5	6.862
1901	6	6.92
1901	7	6.873
1901	8	6.926
1901	9	6.967
1901	10	6.924
1901	11	6.893
1901	12	6.927
1902	1	6.958
1902	2	6.878
1902	3	6.992
1902	4	6.939
1902	5	6.929
1902	6	6.893
1902	7	6.931
1902	8	6.92
1902	9	6.873
1902	10	6.902
1902	11	6.939
1902	12	6.957
1903	1	6.881
1903	2	7.128
1903	3	7.141
1903	4	7.009
1903	5	6.978
1903	6	6.884
1903	7	6.989
1903	8	7.033
1903	9	6.952
1903	10	7.061
1903	11	6.966
1903	12	6.927
1904	1	6.973
1904	2	7.006
1904	3	6.915
1904	4	7.037
1904	5	6.972
1904	6	6.957
1904	7	6.958
1904	8	6.96
1904	9	6.888
1904	10	6.917
1904	11	6.906
1904	12	6.957
1905	1	6.97
1905	2	7
1905	3	6.931
1905	4	7.049
1905	5	7.023
1905	6	6.975
1905	7	6.958
1905	8	6.978
1905	9	6.952
1905	10	6.869
1905	11	6.933
1905	12	6.933
1906	1	6.955
1906	2	6.966
1906	3	6.967
1906	4	6.979
1906	5	6.908
1906	6	6.945
1906	7	6.961
1906	8	6.963
1906	9	6.861
1906	10	6.985
1906	11	6.985
1906	12	6.906
1907	1	6.848
1907	2	6.923
1907	3	6.897
1907	4	6.97
1907	5	6.99
1907	6	7.036
1907	7	6.919
1907	8	6.999
1907	9	6.913
1907	10	6.966
1907	11	6.912
1907	12	6.979
1908	1	6.991
1908	2	6.92
1908	3	6.87
1908	4	6.872
1908	5	6.993
1908	6	6.936
1908	7	6.925
1908	8	6.966
1908	9	6.949
1908	10	6.905
1908	11	6.988
1908	12	6.951
1909	1	6.976
1909	2	6.914
1909	3	6.989
1909	4	7.016
1909	5	6.947
1909	6	6.908
1909	7	7.019
1909	8	6.978
1909	9	6.849
1909	10	7.039
1909	11	6.942
1909	12	6.982
1910	1	7.043
1910	2	7.067
1910	3	6.918
1910	4	6.979
1910	5	6.984
1910	6	6.969
1910	7	6.964
1910	8	6.957
1910	9	6.867
1910	10	6.856
1910	11	6.951
1910	12	7.012
1911	1	6.869
1911	2	7
1911	3	6.912
1911	4	7.009
1911	5	6.993
1911	6	6.981
1911	7	6.943
1911	8	6.978
1911	9	6.986
1911	10	6.887
1911	11	6.997
1911	12	7.061
1912	1	6.985
1912	2	7.131
1912	3	7.107
1912	4	6.93
1912	5	7.027
1912	6	7.051
1912	7	6.958
1912	8	7.027
1912	9	6.934
1912	10	6.988
1912	11	6.957
1912	12	7.104
1913	1	7.006
1913	2	6.981
1913	3	7.132
1913	4	7.022
1913	5	7.03
1913	6	7.006
1913	7	6.949
1913	8	6.929
1913	9	6.903
1913	10	7
1913	11	7.171
1913	12	6.963
1914	1	6.967
1914	2	7.17
1914	3	7.04
1914	4	6.991
1914	5	6.987
1914	6	6.939
1914	7	6.974
1914	8	6.957
1914	9	6.974
1914	10	6.86
1914	11	7.006
1914	12	7.143
1915	1	6.977
1915	2	6.977
1915	3	6.977
1915	4	6.978
1915	5	6.978
1915	6	6.978
1915	7	6.998
1915	8	6.948
1915	9	6.903
1915	10	6.85
1915	11	6.93
1915	12	6.973
1916	1	7.128
1916	2	6.972
1916	3	6.952
1916	4	6.991
1916	5	6.999
1916	6	6.997
1916	7	6.934
1916	8	6.975
1916	9	6.888
1916	10	6.997
1916	11	7.024
1916	12	6.951
1917	1	6.839
1917	2	6.875
1917	3	6.961
1917	4	6.906
1917	5	6.923
1917	6	6.96
1917	7	6.934
1917	8	6.987
1917	9	6.992
1917	10	6.972
1917	11	6.948
1917	12	6.793
1918	1	6.936
1918	2	6.978
1918	3	6.873
1918	4	6.884
1918	5	6.902
1918	6	6.957
1918	7	6.983
1918	8	6.957
1918	9	7.056
1918	10	6.939
1918	11	6.93
1918	12	6.988
1919	1	6.921
1919	2	6.942
1919	3	6.937
1919	4	6.97
1919	5	6.935
1919	6	6.997
1919	7	6.934
1919	8	6.996
1919	9	6.992
1919	10	6.85
1919	11	6.899
1919	12	6.988
1920	1	7.055
1920	2	7.051
1920	3	7.043
1920	4	7.031
1920	5	7.02
1920	6	6.966
1920	7	7.001
1920	8	6.929
1920	9	6.955
1920	10	6.893
1920	11	6.985
1920	12	6.954
1921	1	7.131
1921	2	6.887
1921	3	7.08
1921	4	6.909
1921	5	6.984
1921	6	6.933
1921	7	6.961
1921	8	6.96
1921	9	6.937
1921	10	6.957
1921	11	6.906
1921	12	7.04
1922	1	6.97
1922	2	7.027
1922	3	6.979
1922	4	6.952
1922	5	7.03
1922	6	7
1922	7	7.025
1922	8	6.972
1922	9	6.937
1922	10	6.884
1922	11	6.945
1922	12	7.021
1923	1	6.976
1923	2	7.051
1923	3	6.879
1923	4	6.97
1923	5	7.005
1923	6	6.963
1923	7	6.998
1923	8	7.015
1923	9	7.007
1923	10	7.1
1923	11	6.982
1923	12	6.906
1924	1	6.988
1924	2	6.939
1924	3	6.973
1924	4	6.97
1924	5	7.03
1924	6	6.969
1924	7	7.032
1924	8	7.03
1924	9	7.062
1924	10	7
1924	11	6.942
1924	12	7.122
1925	1	7.067
1925	2	7.07
1925	3	6.891
1925	4	7.025
1925	5	7.045
1925	6	6.963
1925	7	6.946
1925	8	7.002
1925	9	6.983
1925	10	6.985
1925	11	6.933
1925	12	7.049
1926	1	7.028
1926	2	7.067
1926	3	7.001
1926	4	7.025
1926	5	7.023
1926	6	7.018
1926	7	6.974
1926	8	7.018
1926	9	6.986
1926	10	6.966
1926	11	7.058
1926	12	6.872
1927	1	7.013
1927	2	6.939
1927	3	7.04
1927	4	7.025
1927	5	6.953
1927	6	7.039
1927	7	6.983
1927	8	7.03
1927	9	7.022
1927	10	6.981
1927	11	7.006
1927	12	6.906
1928	1	7.074
1928	2	7.024
1928	3	6.982
1928	4	7.034
1928	5	6.932
1928	6	7.061
1928	7	7.044
1928	8	7.036
1928	9	6.989
1928	10	7.024
1928	11	7.064
1928	12	6.939
1929	1	6.827
1929	2	6.893
1929	3	6.952
1929	4	6.948
1929	5	6.999
1929	6	7.03
1929	7	7.016
1929	8	7.012
1929	9	7.016
1929	10	7.033
1929	11	7.052
1929	12	7.122
1930	1	7.128
1930	2	6.859
1930	3	6.982
1930	4	6.961
1930	5	6.993
1930	6	7.006
1930	7	7.028
1930	8	7.042
1930	9	6.977
1930	10	7.085
1930	11	7.067
1930	12	6.967
1931	1	6.945
1931	2	6.913
1931	3	6.924
1931	4	6.984
1931	5	7.026
1931	6	7.02
1931	7	7.077
1931	8	6.947
1931	9	6.882
1931	10	6.993
1931	11	7.036
1931	12	6.966
1932	1	7.1
1932	2	6.831
1932	3	6.997
1932	4	7.039
1932	5	7.011
1932	6	6.959
1932	7	7.025
1932	8	6.953
1932	9	7.01
1932	10	7.042
1932	11	6.954
1932	12	7.018
1933	1	6.975
1933	2	6.959
1933	3	7.04
1933	4	6.981
1933	5	6.977
1933	6	6.966
1933	7	7.013
1933	8	6.999
1933	9	6.918
1933	10	6.972
1933	11	6.917
1933	12	6.862
1934	1	7.018
1934	2	7.036
1934	3	6.979
1934	4	6.988
1934	5	7.017
1934	6	6.92
1934	7	6.949
1934	8	7.023
1934	9	7.034
1934	10	7.024
1934	11	6.911
1934	12	7.051
1935	1	6.881
1935	2	7.087
1935	3	6.927
1935	4	7.012
1935	5	6.88
1935	6	7.008
1935	7	6.973
1935	8	6.962
1935	9	7.052
1935	10	7.045
1935	11	7.054
1935	12	6.945
1936	1	7.067
1936	2	7.02
1936	3	6.948
1936	4	7.247
1936	5	6.892
1936	6	6.969
1936	7	7.037
1936	8	6.968
1936	9	6.909
1936	10	7.188
1936	11	6.935
1936	12	7.03
1937	1	7.061
1937	2	7.118
1937	3	6.945
1937	4	6.994
1937	5	6.977
1937	6	6.981
1937	7	6.997
1937	8	6.935
1937	9	7.031
1937	10	6.902
1937	11	6.963
1937	12	6.923
1938	1	7.064
1938	2	6.85
1938	3	7.089
1938	4	6.908
1938	5	7.005
1938	6	7.042
1938	7	6.973
1938	8	6.92
1938	9	6.946
1938	10	7.054
1938	11	7.115
1938	12	6.966
1939	1	6.982
1939	2	7.048
1939	3	6.939
1939	4	7.033
1939	5	6.922
1939	6	6.956
1939	7	7.022
1939	8	6.932
1939	9	6.93
1939	10	6.883
1939	11	7.051
1939	12	6.893
1940	1	6.881
1940	2	6.996
1940	3	7.04
1940	4	6.963
1940	5	6.983
1940	6	6.956
1940	7	6.994
1940	8	6.981
1940	9	6.982
1940	10	6.935
1940	11	7.048
1940	12	6.865
1941	1	6.829
1941	2	6.953
1941	3	6.89
1941	4	6.884
1941	5	7.02
1941	6	6.929
1941	7	6.985
1941	8	7.029
1941	9	6.891
1941	10	6.957
1941	11	6.908
1941	12	6.997
1942	1	6.914
1942	2	6.834
1942	3	6.951
1942	4	7.003
1942	5	7.035
1942	6	6.956
1942	7	6.994
1942	8	7.014
1942	9	7.08
1942	10	7.103
1942	11	6.96
1942	12	7.131
1943	1	7.046
1943	2	7.069
1943	3	7.009
1943	4	7.116
1943	5	7.017
1943	6	6.993
1943	7	6.985
1943	8	7.054
1943	9	7.013
1943	10	7.054
1943	11	6.902
1943	12	6.85
1944	1	7.052
1944	2	6.998
1944	3	6.933
1944	4	6.985
1944	5	6.956
1944	6	7.033
1944	7	6.997
1944	8	6.968
1944	9	6.958
1944	10	6.947
1944	11	7.012
1944	12	6.939
1945	1	6.89
1945	2	7.054
1945	3	6.97
1945	4	7.036
1945	5	7.066
1945	6	7.057
1945	7	6.991
1945	8	6.974
1945	9	6.976
1945	10	6.978
1945	11	6.99
1945	12	7.051
1946	1	7.073
1946	2	7.051
1946	3	7.046
1946	4	7.039
1946	5	6.947
1946	6	7.106
1946	7	7.037
1946	8	7.038
1946	9	7.052
1946	10	6.911
1946	11	6.993
1946	12	6.926
1947	1	6.927
1947	2	6.999
1947	3	7.07
1947	4	7.134
1947	5	6.959
1947	6	7.06
1947	7	7.037
1947	8	6.938
1947	9	7.052
1947	10	6.963
1947	11	7.07
1947	12	6.85
1948	1	6.994
1948	2	6.956
1948	3	7.001
1948	4	6.969
1948	5	6.992
1948	6	7.069
1948	7	7.037
1948	8	7.051
1948	9	7.002
1948	10	7.054
1948	11	6.981
1948	12	7.106
1949	1	7.058
1949	2	7.095
1949	3	6.924
1949	4	7.14
1949	5	7.014
1949	6	6.972
1949	7	6.958
1949	8	7.066
1949	9	7.002
1949	10	7.17
1949	11	7.091
1949	12	7.124
1950	1	7.073
1950	2	7.264
1950	3	7.204
1950	4	7.146
1950	5	7.026
1950	6	7.124
1950	7	7.058
1950	8	7.023
1950	9	7.122
1950	10	7.03
1950	11	7.045
1950	12	6.932
1951	1	6.905
1951	2	6.978
1951	3	7
1951	4	7.042
1951	5	6.928
1951	6	6.95
1951	7	6.952
1951	8	6.981
1951	9	6.976
1951	10	6.896
1951	11	7.06
1951	12	7.003
1952	1	7.018
1952	2	6.944
1952	3	6.948
1952	4	7.021
1952	5	7.017
1952	6	7.042
1952	7	6.958
1952	8	7.008
1952	9	7.058
1952	10	7.027
1952	11	6.893
1952	12	6.954
1953	1	6.921
1953	2	6.938
1953	3	6.921
1953	4	7.006
1953	5	7.011
1953	6	6.981
1953	7	7.037
1953	8	7.029
1953	9	7.037
1953	10	6.987
1953	11	7.051
1953	12	7.015
1954	1	6.893
1954	2	6.911
1954	3	7.049
1954	4	6.951
1954	5	6.996
1954	6	7.072
1954	7	7.098
1954	8	7.075
1954	9	7.104
1954	10	7.045
1954	11	7.027
1954	12	7.06
1955	1	7.009
1955	2	6.966
1955	3	6.93
1955	4	6.975
1955	5	7.02
1955	6	6.972
1955	7	6.955
1955	8	6.935
1955	9	7.089
1955	10	7.024
1955	11	7.03
1955	12	7.134
1956	1	7.03
1956	2	6.853
1956	3	6.979
1956	4	6.975
1956	5	7.023
1956	6	6.975
1956	7	6.967
1956	8	7.038
1956	9	7.025
1956	10	7.021
1956	11	6.948
1956	12	7.045
1957	1	7.076
1957	2	7.103
1957	3	7.089
1957	4	6.92
1957	5	6.983
1957	6	6.978
1957	7	7.016
1957	8	6.999
1957	9	7.022
1957	10	7.036
1957	11	6.938
1957	12	7.048
1958	1	7
1958	2	7.042
1958	3	6.869
1958	4	6.951
1958	5	7.014
1958	6	6.969
1958	7	7.004
1958	8	7.045
1958	9	7.019
1958	10	7.014
1958	11	6.899
1958	12	7.082
1959	1	6.997
1959	2	6.941
1959	3	7.064
1959	4	7.091
1959	5	6.944
1959	6	7.02
1959	7	7.01
1959	8	6.974
1959	9	6.964
1959	10	7.008
1959	11	7.009
1959	12	7.057
1960	1	6.994
1960	2	7.039
1960	3	6.961
1960	4	7.039
1960	5	7.02
1960	6	7.036
1960	7	7.068
1960	8	7.042
1960	9	6.982
1960	10	7.06
1960	11	7.127
1960	12	6.993
1961	1	6.982
1961	2	7.097
1961	3	7.122
1961	4	7.106
1961	5	7.069
1961	6	7.078
1961	7	7.022
1961	8	7.035
1961	9	7.064
1961	10	7.054
1961	11	7.012
1961	12	7.012
1962	1	7.052
1962	2	6.883
1962	3	6.973
1962	4	6.951
1962	5	6.965
1962	6	7.014
1962	7	7.019
1962	8	7.096
1962	9	7.067
1962	10	7.024
1962	11	6.932
1962	12	6.929
1963	1	6.812
1963	2	6.911
1963	3	7.013
1963	4	6.982
1963	5	6.984
1963	6	6.994
1963	7	6.971
1963	8	6.978
1963	9	6.995
1963	10	7.015
1963	11	7.125
1963	12	6.988
1964	1	6.955
1964	2	6.994
1964	3	6.961
1964	4	6.991
1964	5	7.057
1964	6	7.043
1964	7	7.023
1964	8	6.991
1964	9	7.032
1964	10	6.933
1964	11	6.976
1964	12	6.927
1965	1	6.967
1965	2	6.829
1965	3	6.943
1965	4	6.961
1965	5	7.018
1965	6	7.036
1965	7	6.986
1965	8	6.972
1965	9	7.007
1965	10	6.982
1965	11	6.973
1965	12	7.006
1966	1	6.949
1966	2	7.137
1966	3	7.041
1966	4	7.004
1966	5	7.024
1966	6	7.049
1966	7	7.044
1966	8	7.027
1966	9	7.068
1966	10	7.021
1966	11	6.939
1966	12	7.022
1967	1	6.937
1967	2	7.103
1967	3	7.178
1967	4	6.994
1967	5	7.073
1967	6	6.985
1967	7	6.995
1967	8	7.012
1967	9	7.023
1967	10	7.152
1967	11	6.988
1967	12	6.967
1968	1	6.96
1968	2	6.936
1968	3	7.062
1968	4	7
1968	5	7.016
1968	6	7.103
1968	7	6.96
1968	8	6.978
1968	9	7.039
1968	10	7.075
1968	11	7.042
1968	12	6.999
1969	1	7.055
1969	2	6.954
1969	3	6.977
1969	4	7.025
1969	5	7.062
1969	6	7.055
1969	7	7.035
1969	8	7.024
1969	9	7.032
1969	10	7.055
1969	11	7.086
1969	12	6.869
1970	1	7.051
1970	2	7.033
1970	3	7
1970	4	7.044
1970	5	7.026
1970	6	7.012
1970	7	7.065
1970	8	7.021
1970	9	7.053
1970	10	6.997
1970	11	7.055
1970	12	6.916
1971	1	7.095
1971	2	7.003
1971	3	6.98
1971	4	7.01
1971	5	7.063
1971	6	7.018
1971	7	6.989
1971	8	7.024
1971	9	6.934
1971	10	6.994
1971	11	6.964
1971	12	6.976
1972	1	6.93
1972	2	6.972
1972	3	6.994
1972	4	7.03
1972	5	7.048
1972	6	7.089
1972	7	6.977
1972	8	6.969
1972	9	6.938
1972	10	6.959
1972	11	7.061
1972	12	7.051
1973	1	6.94
1973	2	7.019
1973	3	7.008
1973	4	6.916
1973	5	6.99
1973	6	6.981
1973	7	6.983
1973	8	6.946
1973	9	6.964
1973	10	6.875
1973	11	6.992
1973	12	6.971
1974	1	7.143
1974	2	7.03
1974	3	6.902
1974	4	6.851
1974	5	6.98
1974	6	7.02
1974	7	7.02
1974	8	6.968
1974	9	7.058
1974	10	6.882
1974	11	6.957
1974	12	7.056
1975	1	7.126
1975	2	6.896
1975	3	6.925
1975	4	6.909
1975	5	6.889
1975	6	6.888
1975	7	6.932
1975	8	6.915
1975	9	7.016
1975	10	6.963
1975	11	6.95
1975	12	7.021
1976	1	7.021
1976	2	7.021
1976	3	7.022
1976	4	7.022
1976	5	7.022
1976	6	7.022
1976	7	7.022
1976	8	7.022
1976	9	7.022
1976	10	7.022
1976	11	7.022
1976	12	7.022
1977	1	7.022
1977	2	7.022
1977	3	7.022
1977	4	7.022
1977	5	7.022
1977	6	7.022
1977	7	7.022
1977	8	7.023
1977	9	7.023
1977	10	7.023
1977	11	7.023
1977	12	7.023
1978	1	7.023
1978	2	7.023
1978	3	7.023
1978	4	7.023
1978	5	7.023
1978	6	7.023
1978	7	7.023
1978	8	7.023
1978	9	7.023
1978	10	7.023
1978	11	7.023
1978	12	7.024
1979	1	7.024
1979	2	7.024
1979	3	7.024
1979	4	7.024
1979	5	7.024
1979	6	7.024
1979	7	7.024
1979	8	7.024
1979	9	7.024
1979	10	7.024
1979	11	7.024
1979	12	7.024
1980	1	7.024
1980	2	7.024
1980	3	7.024
1980	4	7.024
1980	5	7.022
1980	6	7.108
1980	7	7.075
1980	8	7.025
1980	9	7.012
1980	10	6.988
1980	11	6.938
1980	12	7.006
1981	1	6.884
1981	2	6.939
1981	3	7.044
1981	4	6.845
1981	5	7.004
1981	6	6.992
1981	7	6.971
1981	8	6.947
1981	9	7.014
1981	10	7.003
1981	11	7.019
1981	12	6.988
1982	1	6.953
1982	2	7.048
1982	3	7.006
1982	4	6.989
1982	5	6.97
1982	6	6.931
1982	7	6.926
1982	8	7.031
1982	9	7.017
1982	10	7.045
1982	11	7.026
1982	12	7.02
1983	1	7.143
1983	2	6.875
1983	3	7.066
1983	4	7.028
1983	5	7.084
1983	6	6.989
1983	7	6.981
1983	8	6.907
1983	9	6.978
1983	10	7.096
1983	11	7.011
1983	12	7.074
1984	1	6.84
1984	2	7.027
1984	3	6.893
1984	4	6.985
1984	5	6.986
1984	6	6.983
1984	7	6.955
1984	8	6.917
1984	9	7.001
1984	10	7.072
1984	11	7.148
1984	12	7.02
1985	1	6.994
1985	2	7.001
1985	3	7.032
1985	4	7.105
1985	5	7.014
1985	6	7.052
1985	7	7.067
1985	8	7.106
1985	9	7.035
1985	10	6.978
1985	11	6.953
1985	12	7.104
1986	1	7.018
1986	2	6.834
1986	3	7.079
1986	4	6.956
1986	5	7.115
1986	6	6.993
1986	7	7.065
1986	8	6.986
1986	9	6.99
1986	10	7.084
1986	11	7.072
1986	12	7.062
1987	1	6.857
1987	2	6.995
1987	3	6.969
1987	4	7.02
1987	5	6.994
1987	6	7.002
1987	7	7.027
1987	8	7.033
1987	9	7.117
1987	10	7.062
1987	11	6.992
1987	12	7.051
1988	1	7.113
1988	2	7.054
1988	3	7.044
1988	4	6.986
1988	5	7.027
1988	6	7.012
1988	7	7.094
1988	8	7.092
1988	9	7.083
1988	10	7.007
1988	11	7.056
1988	12	7.061
1989	1	7.15
1989	2	7.229
1989	3	7.165
1989	4	7.015
1989	5	7.048
1989	6	7.027
1989	7	6.991
1989	8	7.12
1989	9	7.051
1989	10	7.063
1989	11	7.036
1989	12	7.107
1990	1	7.21
1990	2	7.336
1990	3	7.171
1990	4	7.066
1990	5	6.987
1990	6	7.077
1990	7	7.03
1990	8	7.071
1990	9	7.047
1990	10	7.097
1990	11	6.982
1990	12	6.988
1991	1	6.998
1991	2	6.899
1991	3	6.975
1991	4	7.013
1991	5	6.928
1991	6	7.062
1991	7	6.994
1991	8	7.013
1991	9	7.043
1991	10	6.968
1991	11	7.055
1991	12	6.984
1992	1	6.959
1992	2	7.07
1992	3	7.039
1992	4	7.053
1992	5	7.012
1992	6	6.999
1992	7	7.053
1992	8	7.114
1992	9	7.025
1992	10	6.932
1992	11	7.078
1992	12	6.996
1993	1	7.175
1993	2	6.937
1993	3	6.981
1993	4	7.008
1993	5	6.982
1993	6	7.005
1993	7	7.015
1993	8	7.034
1993	9	7.034
1993	10	7.034
1993	11	7.034
1993	12	7.034
1994	1	7.034
1994	2	7.034
1994	3	7.126
1994	4	7.002
1994	5	7.04
1994	6	7.086
1994	7	6.999
1994	8	7.028
1994	9	7.033
1994	10	7.02
1994	11	7.06
1994	12	7.129
1995	1	7.051
1995	2	7.191
1995	3	7.091
1995	4	6.977
1995	5	7.038
1995	6	6.966
1995	7	7.027
1995	8	6.95
1995	9	7.018
1995	10	7.107
1995	11	6.998
1995	12	6.92
1996	1	7.015
1996	2	6.947
1996	3	6.9
1996	4	7.03
1996	5	7.045
1996	6	7.035
1996	7	7.022
1996	8	6.981
1996	9	6.97
1996	10	7.048
1996	11	7.015
1996	12	6.935
1997	1	6.957
1997	2	7.186
1997	3	7.067
1997	4	7.007
1997	5	7.041
1997	6	7.048
1997	7	6.959
1997	8	6.998
1997	9	7.038
1997	10	7.035
1997	11	7.037
1997	12	7.033
1998	1	7.08
1998	2	7.171
1998	3	7.01
1998	4	7.089
1998	5	7.006
1998	6	7.054
1998	7	7.102
1998	8	7.045
1998	9	7.039
1998	10	7.071
1998	11	6.983
1998	12	7.037
1999	1	7.087
1999	2	7.066
1999	3	7.049
1999	4	7.031
1999	5	7.049
1999	6	7.029
1999	7	7.015
1999	8	7.025
1999	9	7.13
1999	10	7.05
1999	11	7.036
1999	12	7.091
2000	1	7.007
2000	2	7.134
2000	3	7.014
2000	4	7.041
2000	5	7.046
2000	6	7.036
2000	7	7.003
2000	8	7.006
2000	9	7.045
2000	10	7.094
2000	11	7.064
2000	12	7.143
2001	1	7.07
2001	2	6.981
2001	3	7.12
2001	4	7.043
2001	5	7.013
2001	6	7.029
2001	7	7.043
2001	8	7.077
2001	9	7.047
2001	10	7.205
2001	11	7.023
2001	12	6.947
2002	1	7.161
2002	2	7.237
2002	3	7.081
2002	4	7.086
2002	5	7.102
2002	6	7.109
2002	7	7.042
2002	8	7.038
2002	9	7.025
2002	10	7.037
2002	11	7.081
2002	12	7.041
2003	1	7.11
2003	2	6.997
2003	3	7.073
2003	4	7.068
2003	5	7.136
2003	6	7.158
2003	7	7.114
2003	8	7.069
2003	9	7.076
2003	10	7.027
2003	11	7.087
2003	12	7.021
2004	1	7.101
2004	2	7.035
2004	3	7.053
2004	4	7.056
2004	5	7.062
2004	6	7.101
2004	7	7.077
2004	8	7.078
2004	9	7.117
2004	10	7.083
2004	11	7.011
2004	12	7.078
2005	1	7.095
2005	2	6.907
2005	3	7.007
2005	4	7.071
2005	5	7.068
2005	6	7.065
2005	7	7.077
2005	8	7.096
2005	9	7.106
2005	10	7.082
2005	11	7.083
2005	12	7.006
2006	1	6.984
2006	2	7.018
2006	3	7.043
2006	4	7.133
2006	5	7.095
2006	6	7.017
2006	7	7.062
2006	8	7.08
2006	9	7.158
2006	10	7.155
2006	11	7.237
2006	12	7.132
2007	1	7.064
2007	2	7.227
2007	3	7.114
2007	4	7.019
2007	5	7.149
2007	6	7.097
2007	7	7.044
2007	8	7.072
2007	9	7.09
2007	10	7.059
2007	11	7.031
2007	12	7.08
2008	1	7.161
2008	2	7.144
2008	3	7.187
2008	4	7.088
2008	5	7.031
2008	6	7.105
2008	7	7.1
2008	8	7.111
2008	9	7.034
2008	10	7.162
2008	11	7.041
2008	12	6.96
2009	1	7.111
2009	2	7.009
2009	3	7.091
2009	4	7.066
2009	5	7.14
2009	6	7.046
2009	7	7.046
2009	8	7.132
2009	9	7.046
2009	10	7.046
2009	11	7.046
2009	12	7.031
2010	1	6.946
2010	2	7.023
2010	3	7.051
2010	4	7.02
2010	5	7.019
2010	6	7.024
2010	7	7.082
2010	8	7.065
2010	9	7.054
2010	10	7.088
2010	11	7.042
2010	12	6.948
2011	1	6.942
2011	2	7.067
2011	3	6.984

