9.439177869999999757e+02
8.502577280000000428e+02
1.016650676999999860e+03
9.406006599999999480e+02
1.341973040000000083e+03
1.432413534999999911e+03
1.338168100000000095e+03
1.633246068999999807e+03
2.097253614000000198e+03
2.203255337000000054e+03
2.217840940999999930e+03
2.709458689999999933e+03
2.832387518000000000e+03
2.604139904999999999e+03
2.496967430000000149e+03
3.126294736000000285e+03
3.172197921999999835e+03
3.373128017999999884e+03
3.573960552000000007e+03
3.681815963999999894e+03
3.805232605000000149e+03
3.851623603999999887e+03
3.914258767999999691e+03
4.099822761000000355e+03
4.191434006999999838e+03
4.485926599999999780e+03
4.594855200999999397e+03
2.927706142000000000e+03
2.864973414000000048e+03
2.941706368999999995e+03
