4.134896502000000029e-01
3.908161108000000050e-01
2.948470706999999913e-01
3.276866291000000153e-01
3.098521927000000287e-01
2.492463292000000052e-01
2.114310802000000100e-01
2.441145383999999974e-01
2.464430316000000010e-01
1.883542822000000005e-01
1.656352135999999975e-01
8.214767719999999107e-02
6.190669767000000351e-02
1.579017544999999911e-01
1.857070846999999969e-01
6.430673669000000481e-02
5.166913283000000578e-02
4.906096034000000106e-02
4.392916957999999650e-02
3.378916729999999896e-02
2.616627912999999750e-02
2.614676660999999680e-02
4.630969608999999793e-02
4.623164604000000455e-02
1.590920177999999990e-02
3.345095042000000019e-02
5.107074912000000161e-02
1.274817477000000088e-01
1.047951998999999967e-01
8.962096945000000425e-02
