3.233000000000000000e+03
3.530000000000000000e+03
3.152000000000000000e+03
2.088000000000000000e+03
3.038000000000000000e+03
2.108000000000000000e+03
2.132000000000000000e+03
1.654000000000000000e+03
1.762000000000000000e+03
1.967000000000000000e+03
1.760000000000000000e+03
1.649000000000000000e+03
1.633000000000000000e+03
1.680000000000000000e+03
1.398000000000000000e+03
1.622000000000000000e+03
1.393000000000000000e+03
1.436000000000000000e+03
1.352000000000000000e+03
1.402000000000000000e+03
1.459000000000000000e+03
1.373000000000000000e+03
1.262000000000000000e+03
1.346000000000000000e+03
1.325000000000000000e+03
1.319000000000000000e+03
1.309000000000000000e+03
1.206000000000000000e+03
1.249000000000000000e+03
1.446000000000000000e+03
1.255000000000000000e+03
1.227000000000000000e+03
1.268000000000000000e+03
1.233000000000000000e+03
1.175000000000000000e+03
1.129000000000000000e+03
1.242000000000000000e+03
1.247000000000000000e+03
1.198000000000000000e+03
1.058000000000000000e+03
1.172000000000000000e+03
1.242000000000000000e+03
1.214000000000000000e+03
1.148000000000000000e+03
1.689000000000000000e+03
9.710000000000000000e+02
1.084000000000000000e+03
1.028000000000000000e+03
1.164000000000000000e+03
1.297000000000000000e+03
1.040000000000000000e+03
1.045000000000000000e+03
1.196000000000000000e+03
9.910000000000000000e+02
1.065000000000000000e+03
8.980000000000000000e+02
1.020000000000000000e+03
9.660000000000000000e+02
1.162000000000000000e+03
1.069000000000000000e+03
1.055000000000000000e+03
1.035000000000000000e+03
1.045000000000000000e+03
1.076000000000000000e+03
1.108000000000000000e+03
9.180000000000000000e+02
1.051000000000000000e+03
1.049000000000000000e+03
1.039000000000000000e+03
1.133000000000000000e+03
8.870000000000000000e+02
9.240000000000000000e+02
9.830000000000000000e+02
1.077000000000000000e+03
1.092000000000000000e+03
9.730000000000000000e+02
9.200000000000000000e+02
1.040000000000000000e+03
